input_beam_amplitude=1.244381085951511e+04
input_beam_w0=2.616227869508921e+02